6.300313152200146586e-13 -2.754584970334177376e-10 -1.558392228848910183e-10 3.959507165877072110e-10 3.052706579354827312e-10 -4.354329536360323222e-09 1.714046726804897923e-08 -5.905095342611685143e-11 2.826586336692241307e-08 1.304466311454821851e-07 -1.620671073486809364e-07 4.549772444020677379e-06
-2.754584970334177893e-10 1.243001447806693329e-07 9.314635160056418217e-08 -1.271076910813464169e-07 -1.822128194550775271e-07 2.888644303530604363e-06 -6.114571908377008467e-06 2.761635655173555158e-08 -9.337253076264150596e-06 -6.175035099164745910e-05 7.674871629614332127e-05 -2.317285961770735193e-03
-1.558392228848910442e-10 9.314635160056418217e-08 3.924777608809771308e-06 -1.973917767565058573e-07 -6.903539715768435299e-06 1.365688072368236071e-04 -3.984824583318962913e-05 7.412758231054356633e-08 -7.254612506710812487e-05 -4.525267484181302554e-05 5.624636385090500202e-05 -1.459093662284495756e-03
3.959507165877072627e-10 -1.271076910813464169e-07 -1.973917767565058573e-07 1.061223379037381912e-05 2.213769825712151954e-07 1.878935074430329041e-05 3.434159170801603651e-04 -2.029255207525062732e-07 6.926233572471002416e-04 3.134372474113399651e-05 -3.862060472746254935e-05 1.395135672947262914e-05
3.052706579354827312e-10 -1.822128194550775536e-07 -6.903539715768434452e-06 2.213769825712151689e-07 1.437861828512443000e-05 -2.389604225946844547e-04 7.259997323387113875e-05 -1.486334790724763431e-07 1.318388734033847792e-04 8.812685334195971955e-05 -1.095321231617488330e-04 2.824373777131862582e-03
-4.354329536360323222e-09 2.888644303530604787e-06 1.365688072368236071e-04 1.878935074430329041e-05 -2.389604225946844276e-04 4.823338333086345762e-03 -4.879270559828107596e-04 2.076797208182437554e-06 -7.129651129241476549e-04 -1.481193737781596456e-03 1.841902305381861154e-03 -5.024359423384419654e-02
1.714046726804897592e-08 -6.114571908377007620e-06 -3.984824583318963590e-05 3.434159170801603651e-04 7.259997323387113875e-05 -4.879270559828107596e-04 1.402841215732639896e-02 -7.364882212026965135e-06 2.817234252167230557e-02 1.830820944429477262e-03 -2.262937541403936895e-03 2.167578511333202035e-02
-5.905095342611683851e-11 2.761635655173555158e-08 7.412758231054355310e-08 -2.029255207525062732e-07 -1.486334790724763431e-07 2.076797208182437978e-06 -7.364882212026965982e-06 1.106398217932663887e-08 -1.407286701729952151e-05 -1.503612664419611481e-05 1.869963878639147359e-05 -7.233900568388708201e-04
2.826586336692241307e-08 -9.337253076264150596e-06 -7.254612506710813842e-05 6.926233572471002416e-04 1.318388734033848063e-04 -7.129651129241476549e-04 2.817234252167230557e-02 -1.407286701729952321e-05 5.666883953279517466e-02 2.075323979048350649e-03 -2.552860526762878220e-03 -3.359818683604749029e-02
1.304466311454821851e-07 -6.175035099164745910e-05 -4.525267484181302554e-05 3.134372474113399651e-05 8.812685334195971955e-05 -1.481193737781596239e-03 1.830820944429477478e-03 -1.503612664419611481e-05 2.075323979048350649e-03 3.387022894310471460e-02 -4.212667291407197478e-02 1.517057398794626977e+00
-1.620671073486809364e-07 7.674871629614332127e-05 5.624636385090500202e-05 -3.862060472746254257e-05 -1.095321231617488330e-04 1.841902305381861371e-03 -2.262937541403936895e-03 1.869963878639147359e-05 -2.552860526762878220e-03 -4.212667291407196785e-02 5.239601978648146530e-02 -1.888815509005165927e+00
4.549772444020677379e-06 -2.317285961770735626e-03 -1.459093662284495756e-03 1.395135672947262914e-05 2.824373777131862582e-03 -5.024359423384420348e-02 2.167578511333201688e-02 -7.233900568388708201e-04 -3.359818683604749029e-02 1.517057398794626977e+00 -1.888815509005165927e+00 1.069552384834728542e+02
